21 12 0 0 0 0 0 0 0 0 0 0 0 0 0
1 1 2 2400 8000 0 4800 16000 0 200000000000.000 0.00200000000000000 4.16666666666667e-07 1.60000000000000 0.0400000000000000 0
2 1 3 0 0 0 0 0 0 200000000000.000 0.00200000000000000 4.16666666666667e-07 1.88679622641132 0.0400000000000000 147.994616791917
3 2 4 4800 16000 0 4800 16000 0 200000000000.000 0.00200000000000000 4.16666666666667e-07 1.60000000000000 0.0400000000000000 0
4 3 5 0 0 0 0 0 0 200000000000.000 0.00200000000000000 4.16666666666667e-07 1.67630546142402 0.0400000000000000 162.645975363739
5 4 6 4800 16000 0 4800 16000 0 200000000000.000 0.00200000000000000 4.16666666666667e-07 1.60000000000000 0.0400000000000000 0
6 5 7 0 0 0 0 0 0 200000000000.000 0.00200000000000000 4.16666666666667e-07 1.60312195418814 0.0400000000000000 176.423665625003
7 6 8 4800 16000 0 4800 16000 0 200000000000.000 0.00200000000000000 4.16666666666667e-07 1.60000000000000 0.0400000000000000 0
8 7 9 0 0 0 0 0 0 200000000000.000 0.00200000000000000 4.16666666666667e-07 1.60312195418814 0.0400000000000000 3.57633437499735
9 8 10 4800 16000 0 4800 16000 0 200000000000.000 0.00200000000000000 4.16666666666667e-07 1.60000000000000 0.0400000000000000 0
10 9 11 0 0 0 0 0 0 200000000000.000 0.00200000000000000 4.16666666666667e-07 1.67630546142402 0.0400000000000000 17.3540246362613
11 10 12 4800 16000 0 2400 8000 0 200000000000.000 0.00200000000000000 4.16666666666667e-07 1.60000000000000 0.0400000000000000 0
12 11 12 0 0 0 0 0 0 200000000000.000 0.00200000000000000 4.16666666666667e-07 1.88679622641132 0.0400000000000000 32.0053832080835
13 2 5 0 0 0 0 0 0 200000000000.000 0.00200000000000000 4.16666666666667e-07 2.19317121994613 0.0400000000000000 136.847610265995
14 4 7 0 0 0 0 0 0 200000000000.000 0.00200000000000000 4.16666666666667e-07 2.26274169979695 0.0400000000000000 135
15 7 8 0 0 0 0 0 0 200000000000.000 0.00200000000000000 4.16666666666667e-07 2.26274169979695 0.0400000000000000 45
16 9 10 0 0 0 0 0 0 200000000000.000 0.00200000000000000 4.16666666666667e-07 2.19317121994613 0.0400000000000000 43.1523897340054
17 2 3 0 0 0 0 0 0 200000000000.000 0.00200000000000000 4.16666666666667e-07 1 0.0400000000000000 90
18 4 5 0 0 0 0 0 0 200000000000.000 0.00200000000000000 4.16666666666667e-07 1.50000000000000 0.0400000000000000 90
19 6 7 0 0 0 0 0 0 200000000000.000 0.00200000000000000 4.16666666666667e-07 1.60000000000000 0.0400000000000000 90
20 8 9 0 0 0 0 0 0 200000000000.000 0.00200000000000000 4.16666666666667e-07 1.50000000000000 0.0400000000000000 90
21 10 11 0 0 0 0 0 0 200000000000.000 0.00200000000000000 4.16666666666667e-07 1 0.0400000000000000 90
